CV1   0 0 2 0 0 0 0 0 0  129   148  168  172  187  188G 189  223  230  311  320
CV2   0 0 2 0 0 0 0 0 0  093   126  187  189  223  256  264  270  278  293  311
CV3   0 0 2 0 0 0 0 0 0  187   189  223  264  270  278  293T 311
CV4   0 0 2 0 0 0 0 0 0  126   187  189  223  256  264  278  293  311
CV5   0 0 1 0 0 0 0 0 0  126   187  189  223  270  278  311
CV6   0 0 1 1 0 0 0 0 0  104   187  189  223  270  278  289  293  311
CV7   0 0 1 0 0 0 0 0 0  126   187  189  223  264  270  278  293  311
CV8   0 0 0 0 0 0 0 3 4  126   187  189  223  264  270  278  293  311  362
CV9   0 0 0 0 0 0 0 0 1  126   145  187  189  223  264  270  278  293  311
CV10  0 0 0 0 0 0 0 0 1  126   187  189  223  239  254  264  270  278  293  311
CV11  0 2 0 0 0 0 0 0 0  093   126  187  189  223  239  264  270  278  293  311
CV12  0 1 0 0 0 0 0 0 0  114G  126  187  189  223  264  270  274  278  293  311
CV13  0 1 0 0 0 0 0 0 0  126   187  189  223  264  270  274  278  293  311
CV14  0 0 0 0 0 0 1 0 0  086   129  187  189  219  223  261  278  293  311  360  362
CV15  0 0 1 0 0 0 0 0 0  093   129  169  172  187  189  223  239  261  278  293  311  360
CV16  1 0 1 1 0 0 0 5 7  (017) 129  163  187  189  223  278  293  294  304  311  360
CV17  0 1 0 0 0 0 0 0 0  086   129  169  172  183C 189  192  223  261  278  293  311  360
CV18  0 0 1 0 0 0 0 0 0  086   129  169  172  183C 189  223  261  278  293  311  360
CV19  0 0 1 0 0 0 0 0 0  129   183C 189  223  235  274  278  293  294  311  360
CV20  0 0 1 0 0 0 0 0 0  180del 223 256  278  294  309  368  (390)
CV21  0 1 0 0 0 0 0 0 0  189   192  223  278  291  294  311
CV22  0 0 1 0 0 0 0 0 0  182C  183C 189  223  278  294  362  (390)
CV23  0 0 1 0 0 0 0 0 0  111G  223  278  294  (390)
CV24  0 1 1 0 0 0 0 0 0  093   189  223  264  278  294  309  (390)
CV25  0 0 2 0 0 0 0 0 0  189   192  223  278  294  309  (390)
CV26  0 0 1 0 0 0 0 0 0  183C  223  278  294  362  (390)
CV27  0 0 0 1 0 0 0 0 0  093   223  274  278  294  309
CV28  0 1 0 0 0 0 0 0 0  093   223  278  290  294  309  362  (390)
CV29  0 0 0 0 0 0 0 0 1  111   278  294  309  (390)
CV30  0 0 2 0 0 0 0 0 0  189   223  278  294  309  (390)
CV31  0 1 0 0 0 0 0 0 0  111   223  278  294
CV32  0 0 0 0 0 0 1 0 0  223   278  294  309
CV33  0 0 1 0 0 0 0 0 0  179   223  278  290  294  309
CV34  0 0 1 0 0 0 0 0 0  093   223  278  290  294  309
CV35  0 0 1 0 0 0 0 0 0  223   278  290  294  309
CV36  0 0 1 0 0 0 0 0 0  223   278  294  309  368
CV37  0 3 0 0 0 0 0 0 0  086   223  278  294  309  (390)
CV38  1 0 0 0 0 0 0 0 0  140   223  278  290G 294  355
CV39  3 2 4 0 0 1 3 4 14 111   223  278  294  309  (390)
CV40  0 0 5 0 0 0 0 0 0  093   148  223  278  294  355  (390)
CV41  0 0 1 0 0 0 0 0 0  114A  129  213  223  278  355  362
CV42  0 0 1 0 0 0 0 0 0  114A  188  189  223  278  304  311
CV43  0 0 2 0 0 0 0 0 0  114A  129  169  213  223  278  362
CV44  1 0 0 0 0 0 0 0 0  114A  213  223  278  362
CV45  0 1 6 0 0 0 0 0 0  114A  129  213  223  278  (390) 
CV46  0 0 0 0 0 0 0 0 1  093   223  278  (390)
CV47  0 0 0 0 0 0 0 2 10 177   223  278  311
CV48  0 0 1 0 0 0 0 0 0  086   223  264  278  (390)
CV49  0 0 3 0 0 0 0 0 0  126   189  223  269  278  293  (390)
CV50  0 0 1 0 0 0 0 0 0  173   217  223  254  264  278
CV51  0 0 1 0 0 0 0 0 0  093   223  264  278
CV52  0 0 0 0 0 0 0 0 1  093   223  278  318  (390)
CV53  0 0 0 0 0 0 1 0 1  223   264  278  (390)
CV54  0 1 0 0 0 0 0 0 0  051   217  223  264  278
CV55  0 1 1 0 0 0 0 0 0  192   223  278  (390)
CV56  1 0 6 0 0 1 0 1 1  223   278  (390)
CV57  0 0 2 0 0 0 0 0 0  084   093  220  223  264  278  311
CV58  0 0 2 0 0 0 0 0 0  172   223  241  278
CV59  0 1 1 0 0 0 0 0 1  223   278  311  (390)
CV60  0 0 1 0 0 0 0 0 0  223   261  278
CV61  0 0 2 0 0 0 0 0 0  051   223  278  (390)
CV62  0 0 2 0 0 0 0 0 0  223   278  320
CV63  0 0 1 0 0 0 0 0 0  111A  145  184  223  239  278  292  311
CV64  0 0 1 0 0 0 0 0 0  189   223  259  274  278
CV65  0 1 5 3 0 0 0 1 0  124   223  278  362
CV66  0 0 2 0 0 0 0 0 0  124   183C 189  214  223  278  362
CV67  0 0 2 0 0 1 0 0 1  086   124  223  278  362
CV68  0 0 1 0 0 0 0 0 0  124   183C 189  209  223  278  362
CV69  0 0 1 0 0 0 0 0 0  124   183C 189  214  223  278  325  362
CV70  0 0 1 0 0 0 0 0 0  048   124  223  278  362
CV71  0 1 3 0 0 0 0 0 0  124   183C 189  223  278  362  (390)
CV72  0 0 1 0 0 0 0 0 0  124   223  278  355  362
CV73  0 0 1 0 0 0 0 0 0  124   278  362
CV74  0 1 1 0 0 0 0 0 0  124   223  234  278  362
CV75  0 0 1 0 0 0 0 0 0  086   124  223  278  311  362
CV76  0 1 0 0 0 0 0 0 0  124   212  223  278  311  362
CV77  0 1 0 0 0 0 0 0 0  189   223  278  362
CV78  0 0 1 0 0 0 0 0 0  051   223  278  318  362
CV79  0 1 0 0 0 0 0 0 0  124   223  256
CV80  0 0 1 0 0 0 0 0 0  124   223  245  319
CV81  0 1 0 0 0 0 0 0 0  124   223  288
CV82  0 0 2 0 0 0 0 0 0  124   223  257
CV83  0 0 1 1 0 0 0 0 1  093   124  223
CV84  0 0 1 0 0 0 0 0 0  111   124  223  291
CV85  0 0 1 0 0 0 0 0 1  124   223  311
CV86  0 0 0 0 0 0 0 1 0  111   124  189  223
CV87  1 0 0 0 0 0 0 0 0  086   124  223
CV88  0 0 3 0 0 0 0 0 0  124   223
CV89  0 0 1 0 0 0 0 0 2  111   124  223
CV90  1 0 0 0 0 0 0 1 0  124   148  223  293  311  362
CV91  0 0 2 0 0 0 0 0 0  172   183C 189  223  320
CV92  0 0 1 0 0 0 0 0 0  086   223  320
CV93  0 1 3 0 0 0 1 0 1  223   320
CV94  0 0 1 0 0 0 0 0 0  093   172  189  223  320
CV95  0 0 1 0 0 0 0 0 0  126   172  183C 189  223  320
CV96  0 0 0 0 1 0 0 0 0  051   223  264  299  311
CV97  0 0 1 0 0 0 0 2 9  051   223  264  299
CV98  0 0 1 0 0 0 0 0 0  051   093  223  247  264  311
CV99  0 0 1 0 0 0 0 0 0  051   093  223  264  311
CV100 0 0 2 0 0 0 0 4 11 051   223  264
CV101 0 1 0 0 0 0 0 0 0  117   129  223  205A 311  372
CV102 0 1 0 0 0 0 0 0 0  129   154  223  256A 311  362
CV103 0 0 1 0 0 0 0 0 0  129   223  256A 311  362
CV104 0 0 0 0 0 0 0 0 2  129   223  295
CV105 0 0 1 0 0 0 0 0 0  209   223  292  311
CV106 0 0 1 0 0 0 0 0 0  223   355
CV107 0 0 1 0 0 0 0 0 2  129   223
CV108 0 0 1 0 0 0 0 0 0  223   290  355
CV109 0 0 1 0 0 0 0 0 0  093   209  223  292  311
CV110 0 0 1 0 0 0 0 0 1  172   219  278
CV111 0 0 1 0 0 0 0 0 0  172   183C 189  219  274  278
CV112 0 0 1 0 0 0 0 0 0  172   182C 183C 189  219  278
CV113 0 0 1 0 0 0 0 0 0  111   172  183C 189  219  278
CV114 0 1 3 0 0 0 0 0 0  172   183C 189  219  278
CV115 0 0 1 0 0 0 0 0 0  189   192  234  270  320
CV116 0 0 1 0 0 0 0 0 0  145   222
CV117 0 0 0 0 0 0 0 0 1  111   223
CV118 0 0 2 0 0 0 0 0 0  183C  189  223  278  311
CV119 0 0 1 0 0 0 0 0 0  126   209  294  296  304
CV120 0 1 0 0 0 0 0 0 0  126   362
CV121 0 0 0 0 0 0 0 0 2  298
CV122 0 0 0 0 1 0 0 0 0  182C  183C 189  217  247  261  (390)