A2    1 0 0 0 111  187  223 290 319  362
H     0 0 0 1 278
L1a1  0 0 0 1 129  148  168  172  187  188G 189  223 230 301  311 320
L1a1  0 0 0 2 129  148  168  172  187  188G 189  223 230 311  320 325 362 390
L1a1  0 0 0 2 129  148  168  172  187  188G 189  223 230 311  320 355
L1a1  0 1 1 1 129  148  168  172  187  188G 189  223 230 311  320
L1a1  1 0 0 0 86   129  148  168  172  187  188G 189 223 230  311 320
L1b   1 0 0 0 126  187  189  223  239  258  264  270 278 311
L1b   2 1 1 0 126  187  189  223  239  264  270  278 311
L1b   1 2 1 2 126  187  189  223  264  270  278  311
L1b   0 0 1 0 187  189  223  264  270  278  311  362
L1b1  2 0 0 1 111  126  187  189  223  239  270  278 293 311
L1b1  0 0 0 2 114G 126  187  189  223  264  270  278 293 311
L1b1  1 0 0 0 114G 126  187  189  264  270  278  293 311
L1b1  0 1 0 0 126  139  187  189  223  256  264  270 278 293  311
L1b1  1 0 0 1 126  154  187  189  223  264  270  278 293 311
L1b1  1 0 0 0 126  180  187  189  223  256  264  270  278 293 311
L1b1  0 0 0 1 126  183C 189  223  256  264  270  278 293 311
L1b1  0 0 0 1 126  183C 189  223  264  270  278  293 311
L1b1  0 0 0 1 126  183C 189  223  264  270  293  311
L1b1  0 1 0 0 126  187  189  223  239  264  270  278 292 293  311
L1b1  0 1 0 0 126  187  189  223  243  264  270  278 293 311
L1b1  1 0 0 0 126  187  189  223  256  264  270  278 287 293  311
L1b1  1 0 0 0 126  187  189  223  264  270  274  278 293 311
L1b1  1 0 1 1 126  187  189  223  264  270  278  293 311
L1b1  2 0 0 0 126  187  189  223  270  278  293  311 362 400
L1b1  0 0 0 1 126  187  189  223  270  278  293  311
L1b1  1 1 0 0 126  187  189  264  270  278  293  311
L1b1  0 0 0 2 126  189  223  264  270  278  293  311
L1b1  0 0 0 1 187  189  223  264  270  278  293  311 362
L1c   0 1 0 0 129  172  184  187  189  223  261  278 311 359  360 390
L1c   0 1 0 0 129  187  189  223  261  278  311  360
L1c   0 0 0 2 86   129  153  172  184  187  189  223 261 278  311 360
L1c   0 0 0 1 86   172  173  184  187  189  223  261 278 311  360
L1c1  0 0 1 0 129  163  187  189  212  223  278  293 294 311  325 360 368
L1c1  0 0 0 1 129  166  187  189  223  278  293  294 311 360
L1c1  0 1 0 0 129  187  189  223  278  293  294  311 360
L1c1  0 0 1 0 17   129  163  187  189  223  278  293 294 311  360
L1c1  0 0 0 1 38   86   129  187  189  192  278  293 294 360
L1c1  0 1 0 0 38   86   129  187  189  223  278  291 293 294  360
L1c1  1 0 0 0 86   129  169  172  183C 189  223  261 278 293  311 360
L1c1  0 0 0 1 86   129  169  172  189  223  261  278 293 311  360
L1c1  0 0 0 1 86   92   129  169  172  183C 189  192 223 261  278 293 311 360
L1c1  0 0 1 0 93   129  169  172  187  189  223  239 261 278  293 311 360
L1c1  0 0 0 1 93   129  187  189  223  256  266  278 293 311  360
L2a   0 2 1 0 145  189  192  223  278  294  362  390
L2a   0 0 1 0 168  183C 189  223  278  294  355  362 390 460
L2a   0 0 0 2 183C 185  189  192  223  241  278  292 293 294  390
L2a   1 0 1 0 183C 185  189  192  223  241  278  292 294 390
L2a   0 0 1 2 183C 189  223  278  294  362  390
L2a   0 0 1 0 189  192  223  278  294  311  362  390 430 460
L2a   0 0 0 2 189  192  223  278  294  311  362  390
L2a   0 0 2 1 189  192  223  278  294  362  390
L2a   1 0 0 0 189  192  223  278  294  380  390
L2a   0 1 0 0 189  223  278  294  362  390  467
L2a   0 2 0 2 189  223  278  294  362  390
L2a   0 0 0 1 189  223  278  294  390
L2a   1 0 0 0 193  213  223  239  278  294  390
L2a   0 1 0 0 193  213  223  239  265  278  294  390
L2a1  0 0 1 0 104  189  223  278  294  309  390
L2a1  0 0 0 1 124  189  223  278  294  309  390
L2a1  0 0 0 1 183C 189  223  278  294  309  390
L2a1  0 0 0 1 189  192  223  269  278  294  309  390
L2a1  1 0 0 3 189  192  223  278  294  309  390
L2a1  0 0 1 0 189  223  269  278  294  309  390  460
L2a1  1 1 1 1 189  223  278  294  309  390
L2a1  0 0 0 1 189  223  278  294  362  390
L2a1  2 0 0 0 223  233  278  294  309  368  390
L2a1  1 0 0 0 223  278  286  294  309  390
L2a1  0 0 1 0 223  278  294  309  311  368  390
L2a1  1 0 0 0 223  278  294  309  368  390
L2a1  0 0 1 1 223  278  294  309  368  390
L2a1  0 0 1 0 223  278  294  309  390  399
L2a1  1 0 1 0 223  278  294  309  390
L2a1  1 0 0 0 31   223  256  278  294  309  368  390
L2a1  0 0 0 1 75   189  213  278  294  309  375  381 390
L2a1  0 0 0 1 75   189  223  278  294  309  390
L2a1  0 1 0 0 93   223  278  294  309  368  390
L2a1  0 0 1 0 93   223  278  294  309  390
L2b   0 1 0 0 114A 129  182C 183C 189  213  223  257 278 390
L2b   0 0 1 0 114A 129  183C 189  213  223  257  278 390
L2b   1 0 0 0 93   114A 129  213  223  278  390
L2b1  0 0 1 0 114A 129  169  213  223  278  355  362 390
L2b1  0 0 1 0 114A 129  213  223  278  355  359  362 390
L2b1  0 0 0 1 86   114A 129  213  223  278  342  355 362 390 465
L2c   0 0 0 1 111  223  278  294  390
L2c   0 0 0 1 168  189  213  223  278
L2c   0 0 1 1 168  193  223  278  390
L2c   0 0 0 1 176  223  278  390
L2c   0 0 0 1 188  223  278  390
L2c   0 0 0 1 189  223  278  362  390
L2c   1 0 0 0 223  278  302  309
L2c   0 0 0 3 223  278  311  390
L2c   1 0 6 4 223  278  390
L2c   0 0 0 1 93   223  278  362  390
L2c   0 0 1 0 93   223  278  390
L2c1  0 0 0 1 223  261  278  318  390
L2c1  0 0 0 1 223  278  318  390
L2c2  0 0 0 1 189  223  264  278  390
L2c2  1 1 4 0 93   126  223  264  274  278  311  390
Lc22  0 0 0 1 93   223  264  278  362  390
L2d1  0 0 0 1 129  182C 183C 189  278  300  354  390 399
L2d1  0 0 0 2 129  183C 189  278  300  354  390  399
L2d2  0 0 0 1 111A 145  184  189  223  239  278  292 311 355 360 368 390 399 400
L2d2  0 1 1 0 111A 145  184  189  223  239  278  292 355 362 390 399 400
L2d2  2 0 0 1 111A 145  184  189  223  239  278  292 355 390 399 400
L2d2  0 0 0 2 111A 145  184  223  239  278  292  311 355 390 399 400
L2d2  1 0 0 0 111A 145  184  239  278  292  311  355 390 399 400
L3    1 0 0 0 184  213  223  278
L3    1 0 0 0 209  223  278
L3b   0 0 1 0 124  145  189  223  278  362  460
L3b   0 0 1 0 124  145  189  223  278  362
L3b   1 0 0 1 124  148  182C 183C 189  223  278  362
L3b   0 0 1 0 124  172  189  223  278  399
L3b   0 0 0 1 124  223  234  278  362
L3b   1 0 0 0 124  223  243  278  362
L3b   0 1 2 0 124  223  261  278  360  362
L3b   1 0 0 0 124  223  266  278  355  362
L3b   2 0 0 0 124  223  278  355  362
L2b   0 1 3 6 124  223  278  362
L3b   0 0 0 1 124  223  278
L3b   0 1 0 1 48   124  223  278  362
L3b   0 0 0 1 93   124  223  278  355  362
L3b1  0 0 1 0 214  223  278  362
L3b1  1 0 2 0 223  278  362
L3b1  0 0 0 1 51   223  278  318  362
L3d   1 0 2 2 111  124  223
L3d   0 0 0 1 124  166  223
L3d   1 1 1 4 124  223  399
L3d   0 0 0 1 124  223
L3d   1 0 0 0 93   124  126  223
L3d2  1 1 1 2 86   124  223  256  368
L3d2  0 0 0 1 124  172  184  223  256
L3d2  0 1 0 0 124  223  256  291  368
L3d2  0 0 0 2 124  223  256  292
l3D2  0 1 0 0 124  223  256  399
L3e1  0 0 2 0 172  223  311  327  399
L3e2  0 0 1 1 223  242  320
L3e2b 1 0 0 0 172  183C 189  193  223  320
L3e2b 1 0 0 0 172  183C 189  223  259  291  320  467
L3e2b 0 0 0 2 172  183C 189  223  259  291  320
L3e2b 0 0 0 1 172  183C 189  223  261  320
L3e2B 0 0 0 4 172  183C 189  223  320
L3e2B 0 0 0 1 172  189  223  239  295  320
L3e2b 1 0 0 0 172  189  223  320
L3e2b 0 0 0 1 189  223  261  320  390
L3e4  0 0 1 0 51   189  223  264  460
L3e4  0 0 4 0 51   223  264
L3f1  1 0 0 0 129  209  223  292  295  311
L3f1  1 0 0 0 167  209  223  292  311
L3f1  0 0 0 2 176  209  223  292  295  311
L3f1  0 0 1 0 209  223  224  292  295  311
L3f1  0 0 2 0 209  223  266  274  292  311
L3f1  1 0 0 5 209  223  292  295  311
L3g   1 0 0 0 148  223  293  311  362
Other 0 0 1 0 169  187  223  266
Other 0 0 0 1 179  189  192  215  223  256A 284  311
Other 0 0 1 0 179  189  215  223  256A 284  311
Other 0 0 1 0 223  274  399
Other 0 0 0 1 37   223  399
U6    0 2 0 0 172  183C 189  219  278