 Yao Tonga Shangaan Chopi Chwabo Lomwe Makonde Makhuwa Ndau Nguni Nyungwe Nyanja Ronga Shona Sena Tswa
H001 0 0 0 0 0 0 0 0 0 0 0 0 1 0 0 0 
H002 0 0 0 0 1 0 0 0 0 0 0 0 0 0 0 0  
H003 0 0 0 0 0 0 0 0 0 1 0 0 0 0 0 0 
H004 0 0 0 0 0 0 0 0 0 0 0 0 0 1 0 0  
H005 0 0 0 0 0 0 0 0 0 0 0 0 0 0 1 1 
H006 0 0 0 0 0 1 0 0 1 0 0 0 0 0 0 0  
H007 0 0 1 1 0 0 0 0 0 1 0 1 0 0 0 0  
H008 0 0 0 0 0 0 0 1 0 0 0 0 0 0 0 0 
H009 0 1 0 0 0 0 0 0 0 0 0 0 0 0 0 0  
H010 1 0 1 0 1 2 0 1 1 0 3 0 2 1 0 1 
H011 0 0 1 0 1 1 0 1 0 1 0 0 0 0 0 0   
H012 0 0 0 0 0 0 0 0 1 0 0 0 0 1 0 0 
H013 0 0 0 0 0 0 0 0 0 0 0 0 1 0 0 0
H014 0 0 0 0 0 0 0 0 1 1 0 2 0 0 0 0 
H015 0 0 0 0 0 0 0 0 0 0 1 0 0 0 0 0 
H016 3 2 3 3 1 7 3 6 4 1 2 3 1 1 6 0 
H017 0 0 0 0 0 0 0 0 0 0 0 0 0 1 0 0 
H018 0 0 1 0 0 0 0 0 0 0 0 0 0 1 0 0
H019 0 0 0 1 0 0 0 0 0 0 0 0 0 0 0 0 
H020 0 0 0 0 1 0 0 0 0 0 0 0 0 0 0 0 
H021 0 1 0 0 0 0 0 0 0 0 0 0 0 0 0 0 
H022 0 0 0 0 0 0 0 1 0 0 0 0 0 0 0 0 
H023 0 0 0 0 0 1 0 0 0 0 0 0 0 0 0 0 
H024 0 0 0 0 0 0 0 0 0 0 1 0 0 0 0 0 
H025 0 0 0 0 0 1 0 0 0 0 0 0 0 0 0 0 
H026 0 0 0 0 1 0 1 0 0 0 0 0 0 0 0 0 
H027 0 0 1 0 0 0 0 0 0 0 0 0 0 0 0 0 
H028 0 0 0 1 0 0 0 1 1 0 0 0 0 0 0 0
H029 0 0 1 0 0 0 0 0 0 0 0 0 0 0 0 0 
H030 0 0 0 0 0 0 1 0 0 0 0 0 0 0 0 0 
H031 0 0 0 0 0 0 0 0 0 0 1 0 0 0 0 0 
H032 0 1 0 0 0 0 0 0 0 0 0 0 0 0 0 0 
H033 0 0 0 1 0 0 0 0 0 0 0 0 0 0 1 0 
H034 0 0 0 0 0 0 0 0 0 0 0 0 1 0 0 0 
H035 0 1 0 0 0 0 0 0 0 0 0 0 0 0 0 0
H036 0 0 0 0 0 0 1 0 0 0 0 0 0 0 0 0
H037 0 0 0 0 0 0 0 0 0 0 0 0 1 0 0 0 
H038 0 0 1 0 0 0 0 0 0 0 0 0 0 0 0 0
H039 0 0 0 0 0 0 0 0 1 0 0 0 0 0 0 0
H040 0 0 0 0 0 0 0 0 0 0 0 0 1 0 0 0 
H041 0 0 0 0 0 0 0 0 0 0 0 0 0 0 0 1
H042 0 0 0 0 0 0 0 0 1 0 0 0 0 0 0 0 
H043 0 0 0 0 0 0 0 0 0 0 0 0 1 0 0 1 
H044 0 0 0 0 0 0 0 0 0 0 0 0 0 0 0 1 
H045 0 0 0 0 0 0 0 0 1 0 0 0 0 0 0 0 
H046 0 0 1 0 0 0 0 0 0 0 0 1 0 0 1 0 
H047 0 0 0 0 0 0 0 1 0 0 0 1 0 0 0 0 
H048 0 0 0 0 0 0 0 0 0 1 0 0 0 0 0 0 
H049 0 0 0 0 0 0 0 0 0 0 0 0 0 1 0 0
H050 0 0 0 0 0 0 0 0 1 0 0 0 0 0 0 0
H051 0 0 0 0 0 0 0 0 0 0 0 1 0 0 0 0 
H052 0 0 0 0 0 0 0 0 0 0 0 1 0 0 0 2 
H053 0 0 0 0 0 0 1 0 0 0 0 0 0 0 1 0 
H054 0 0 1 0 1 1 1 0 1 0 1 0 0 2 0 0 
H055 0 0 0 1 0 0 0 0 0 0 0 0 0 0 0 0 
H056 0 0 0 0 0 0 0 0 0 0 0 0 1 0 0 0
H057 0 0 0 0 0 0 0 1 0 0 0 0 0 0 0 0
H058 0 0 0 0 5 0 2 0 2 0 2 4 2 2 4 1
H059 0 0 0 0 0 0 0 0 0 0 0 0 0 0 0 1
H060 0 0 0 0 0 1 0 0 0 0 0 0 0 0 0 0
H061 0 0 0 0 0 0 0 0 1 0 0 0 0 0 0 0
H062 0 0 0 0 0 0 0 0 0 0 0 0 1 0 0 0
H063 0 1 0 1 0 2 0 0 0 0 0 0 0 1 0 0
H064 0 1 0 0 0 0 0 0 0 0 0 0 0 0 0 0
H065 1 0 0 0 0 0 0 0 0 0 0 0 0 0 0 0
H066 0 1 0 0 0 0 0 0 0 0 0 0 0 0 0 0
H067 0 4 4 5 2 1 0 2 0 1 1 1 1 1 2 3
H068 0 0 0 1 0 0 0 0 0 0 0 0 0 0 0 0
H069 0 1 0 1 0 0 0 0 0 0 0 0 0 0 0 0
H070 0 0 1 0 0 0 0 0 0 0 0 0 1 0 0 0
H071 0 0 0 0 0 0 0 0 0 0 0 0 1 1 0 0
H072 0 0 0 0 0 0 0 0 0 1 0 0 0 0 0 0
H073 0 0 0 0 1 1 0 0 0 0 0 0 0 0 0 0
H074 0 0 0 2 0 0 0 0 0 0 1 0 0 0 0 1
H075 0 0 0 0 0 0 1 0 0 0 0 0 0 0 0 0
H076 1 0 0 0 1 0 0 0 0 0 0 0 0 0 0 0
H077 0 0 0 0 0 0 0 0 0 0 1 0 0 0 0 0
H078 0 0 0 0 1 0 0 0 0 0 0 0 0 0 0 0
H079 0 0 0 0 0 0 1 0 0 0 0 0 0 0 0 0
H080 0 0 0 0 0 0 0 0 0 0 1 0 0 0 0 0
H081 0 0 0 0 0 0 0 0 1 0 0 0 0 0 0 0
H082 0 0 0 0 0 0 0 0 0 0 0 1 0 0 0 0
H083 0 0 0 0 1 0 0 0 0 0 0 0 0 0 1 0
H084 0 0 0 1 0 0 0 1 0 0 0 0 0 0 0 1
H085 0 0 0 1 0 0 0 0 0 0 0 0 0 0 0 0
H086 0 0 1 0 0 0 0 0 0 0 0 0 0 0 0 0
H087 0 0 0 0 0 0 0 0 0 0 1 0 0 0 0 0
H088 0 0 1 2 1 0 0 0 0 0 1 2 0 0 2 1
H089 0 0 0 0 0 0 0 0 0 1 0 0 0 0 0 0
H090 0 0 0 0 0 0 0 0 1 0 0 0 0 0 0 0
H091 0 0 0 0 0 0 0 0 0 0 1 0 0 0 0 0
H092 0 0 1 0 0 0 0 0 0 0 0 0 0 0 0 0
H093 0 0 0 1 0 0 0 0 0 0 0 0 0 0 0 0
H094 0 0 0 0 0 0 0 0 0 0 0 0 1 0 0 0
H095 0 0 0 1 0 0 1 0 0 0 0 1 1 0 0 1
H096 0 0 0 0 0 0 0 2 0 0 0 0 0 0 0 0
H097 0 0 0 0 0 0 0 0 0 0 0 0 0 1 0 0
H098 0 1 0 0 0 0 0 0 0 0 0 0 0 0 0 0
H099 0 0 0 0 0 0 0 2 0 1 0 0 0 0 0 0
H100 0 0 0 0 0 1 0 0 0 0 0 0 0 0 0 0
H101 0 1 1 0 0 0 0 0 0 0 0 0 1 0 0 1
H102 0 1 0 0 0 0 0 0 0 0 0 0 0 0 0 0
H103 0 3 1 0 0 0 2 0 0 0 1 0 0 1 0 0
H104 0 0 0 0 0 0 0 0 0 0 0 1 0 0 0 0
H105 1 0 0 0 0 0 0 0 0 0 0 0 0 0 0 0
H106 0 0 0 0 0 0 0 0 0 0 0 0 1 0 0 0
H107 1 0 0 0 0 0 0 0 0 0 0 0 0 0 0 0
H108 1 0 0 1 1 0 3 0 0 1 0 0 0 0 1 0
H109 1 0 0 0 0 0 0 0 0 0 1 0 0 0 0 0
H110 0 0 0 0 0 0 1 0 0 0 0 0 0 0 0 0
H111 0 0 0 0 0 0 0 0 0 0 0 0 0 0 0 1
H112 0 0 0 0 0 0 0 0 0 0 0 0 0 0 0 1
H113 0 0 0 0 0 0 0 0 0 0 0 0 2 0 0 0
H114 0 0 0 2 0 0 0 0 0 0 0 0 0 0 1 0
H115 0 0 0 0 0 0 0 0 0 0 0 0 0 1 0 0