H001 111 223 266 290 319 362 								        
H002 129 148 172 187 188G 189 223 230 311 320 						
H003 129 148 172 187 189 223 230 311 320 						    
H004 129 148 168 172 187 188G 189 223 230 305 311 320 				
H005 129 148 168 172 187 188G 189 223 230 311 320 					
H006 093 129 148 168 172 187 188G 189 223 230 278 293 311 320  		
H007 129 148 168 172 187 188A 189 223 230 278 293 311 320  			
H008 129 148 168 172 187 188G 189 209 223 230 278 293 311 320  		
H009 129 148 168 172 187 188G 189 223 230 239 278 293 311 320 		
H010 129 148 168 172 187 188G 189 223 230 278 293 311 320 			
H011 129 148 168 172 187 188G 189 223 230 278 311 320  				
H012 093 148 172 187 188G 189 214 223 230 289 311 320 				
H013 093 148 172 187 188G 189 214 223 230 311 320 					
H014 093 148 172 187 188G 189 223 230 311 320						
H015 148 172 187 188G 189 223 230 256 311 320						
H016 148 172 187 188G 189 223 230 311 320 					        
H017 148 172 188A 189 223 230 311 320 						        
H018 126 187 189 223 264 270 278 311 							    
H019 126 187 189 209 223 264 270 278 293 311 						
H020 126 187 189 223 264 270 278 293 311 						    
H021 129 187 189 212 223 278 294 311 360 						    
H022 117 129 172 173 188A 189 223 256 278 291 293 294 311 360 368 	
H023 129 163 187 189 209 223 278 293 294 311 360 					
H024 129 172 173 188A 189 223 256 278 293 294 311 360 368 			
H025 129 187 189 223 274 278 292G 293T 296delC 311 360 				
H026 129 187 189 223 274 278 293 294 311 360 						
H027 093 129 187 189 223 265C 278 286G 294 311 320 360 				
H028 129 145 187 189 213 223 234 265C 278 286G 294 311 360 			
H029 129 169 187 189 223 265C 278 286G 294 311 360 					
H030 129 187 189 260 265C 286A 294 311 360 						    
H031 093 114 129 183C 189 215 223 278 294 311 355 360 				
H032 129 182C 183C 189 215 223 278 294 311 360 						
H033 129 183C 189 215 223 278 294 311 360 					        
H034 069 129 169 189 212 223 230 243 311 						    
H035 129 145 187 189 223 230 243 311 							    
H036 129 169 189 223 230 243 311							        
H037 129 172 187 189 212 223 230 243 311 						    
H038 129 187 189 223 230 243 284C 311 							    
H039 129 187 189 223 230 243 311 							        
H040 187 189 223 230 243 274 278 290 300 311 						
H041 187 189 223 230 243 311 343 							        
H042 129 179 187 189 223 230 243 290 311 362 						
H043 129 187 189 223 230 239 243 294 311 						    
H044 129 189 223 230 239 243 294 311 							    
H045 187 189 223 230 234 243 294G 311 							    
H046 189 192 223 278 294 390 								        
H047 223 234 249 278 294 295 390 							        
H048 129 189 223 278 293 294 309 311 390 						    
H049 131 183C 189 223 225 234 278 294 309 390  						 
H050 182C 183C 189 223 278 294 309 390  						     
H051 182C 183C 189 192 223 278 294 309 390  						 
H052 189 192 223 278 294 309 390 							         
H053 189 223 278 294 309 390 								         
H054 223 278 294 309 390 								             
H055 085 189 192 223 270 278 286 294 309 390  						 
H056 092 223 278 286 294 309 390                                     
H057 223 278 286 291 294 309 390                                     
H058 223 278 286 294 309 390                                         
H059 223 278 286 294 390                                             
H060 092 182C 183C 189 223 278 290 294 309 390                       
H061 150 182C 183C 223 278 290 294 309 390                           
H062 168 182C 183C 189 223 278 290 294 309 390                       
H063 182C 183C 189 192 223 278 290 294 309 390                       
H064 182C 183C 189 223 264 278 290 294 309 390                       
H065 182C 183C 189 223 278 290 309 390                               
H066 182C 183C 189 223 278 290 294 309 320 390                       
H067 182C 183C 189 223 278 290 294 309 390                           
H068 182C 183C 189 223 290 294 309 390                               
H069 114A 129 213 223 274 278 390                                    
H070 114A 129 213 223 278 354 390                                    
H071 223 264 278 311 390
H072 129 189 223 278 300 354 390 399
H073 129 189 278 300 311 354 390 399
H074 223
H075 093 124 223 278 309 362
H076 093 124 223 278 362
H077 124 148 223 278 362
H078 124 223 261 362
H079 124 223 278 362
H080 124 223 278 305 311 362
H081 124 223 278 311 362
H082 093 124 223
H083 124 182C 183C 189 223
H084 124 223
H085 124 223 278
H086 124 223 292
H087 124 223 284C 319
H088 124 223 319
H089 124 223 319 362
H090 124 183C 189 223 243 278 304 311
H091 176 209 223 327
H092 176 223 327
H093 209 223 327
H094 223 278 327
H095 223 327
H096 134 185 209 223 311 327
H097 185 186 209 223 327
H098 185 209 223 311 320 327
H099 185 223 311
H100 185 223 311 327
H101 185 223 327
H102 223 239 325delT
H103 223 325delT 327
H104 183C 189 223 320
H105 172 183C 189 223 320
H106 172 183C 189 223 311 320
H107 145 223 265T
H108 223 265T
H109 223 265T 327
H110 265T
H111 129 166 209 223 311
H112 129 209 223 311
H113 209 223 291 311
H114 209 223 311
H115 209 218 223 256 292 311