1,93 129 148 168 172 187 188C/G 189 223 230 278 293 311 320,93 95A/C 185 189 236 247 263 311.1,L1a
5,129 148 168 172 187 188C/G 189 223 230 278 293 311 320,93 95A/C 185 189 236 247 263 303.1 311.1,L1a
1,129 148 168 172 187 188C/A 189 223 230 278 293 311 320,93 95A/C 185 189 236 247 263 303.1 311.1,L1a
2,129 148 168 172 187 188C/G 189 223 230 278 293 311 320,93 95A/C 185 189 236 247 263 311.1,L1a
1,129 148 168 172 187 188C/G 189 223 230 278 293 311 320,93 95A/C 185 189 236 247 263 303.2 311.1,L1a
1,148 172 187 188C/G 189 223 230 311 320,93 150 152 189 204 207 236 247 263 311.1,L1a
1,148 172 187 188C/G 189 223 230 311 320,93 152 189 199 204 207 236 247 263 311.1,L1a
3,148 172 187 188C/G 189 223 230 311 320,93 152 189 204 207 236 247 263 311.1,L1a
1,148 172 187 188C/G 189 223 230 311 320,93 152 189 236 247 263 311.1,L1a
1,126 145 187 189 223 264 270 278 293 311,73 152 182 185G/T 195 247 263 311.1 357,L1b
1,17 129 163 187 189 209 223 278 293 294 311 360,73 151 152 182 186C/A 189A/C 247 263 311.1 316,L1c
1,17 129 187 189 223 278 293 294 311 360,73 151 152 182 186C/A 189A/C 247 263 303.1 311.1 316,L1c
1,71 129 145 187 189 213 223 234 265A/C 278 286C/G 294 311 360,73 151 152 182 186C/A 189A/C 195 198 247 263 297 311.1 316,L1c
1,71 145 187 189 213 223 234 265A/C 278 286C/G 294 311 360,73 93 151 152 182 186C/A 189A/C 195 198 247 263 297 303.1 311.1 316,L1c
1,129 183A/C 189 215 223 278 294 311 360,73 151 152 182 186C/A 189A/C 247 263 303.1 311.1 316,L1c
1,129 145 187 189 212 223 230 243 311 390,73 146 152 195 198 247 311.1,L1d
1,129 187 189 212 223 230 243 291 311,73 146 152 188 195 247 295 311.1,L1d
1,129 187 189 212 223 230 243 291 311,73 146 152 188 195 228 247 311.1,L1d
2,129 187 189 223 230 243 311,73 146 152 195 247delG 294T/A 311.1,L1d
1,129 187 189 223 230 243 311 390,73 146 152 195 198 247 311.1,L1d
1,129 187 189 223 239 243 294 311,73 146 152 195 247 311.1,L1d
1,187 189 223 230 234 243 294C/G 311,73 146 152 195 247 311.1,L1d
1,129 148 166 183delA 187 189 192 223 278 311 355 362,73 152 182 247 263 311.1,L1e
1,129 148 166 183delA 187 189 192 223 278 311 355 362 390,73 152 182 195 247 263 311.1,L1e
1,223 234 278 294 295 390,73 146 152 195 263 303.1 311.1,L2a
1,51 182A/C 183A/C 189 192 223 278 290 294 304 309 390,73 146 152 195 263 311.1,L2a
1,79 223 278 286 294 309 390,73 146 152 195 263 303.1 311.1,L2a
1,102 182A/C 183A/C 189 223 278 290 294 309 390,73 146 152 195 263 311.1,L2a
1,129 182A/C 183A/C 189 223 278 290 294 309 390,73 146 152 195 263 311.1,L2a
1,131 189 223 234 278 294 309 390,73 146 152 263 303.2 311.1,L2a
1,168 182A/C 183A/C 189 223 278 290 294 309 390,73 146 152 195 263 303.1 311.1,L2a
3,182A/C 183A/C 189 192 223 278 290 294 309 390,73 146 152 195 263 311.1,L2a
1,182A/C 183A/C 189 192 223 278 290 294 309 390,73 146 195 263 311.1,L2a
1,182A/C 183A/C 189 223 278 290 294 309 390,73 146 152 195 263 303.1 311.1,L2a
2,182A/C 183A/C 189 223 224 278 290 294 309 390,73 146 152 195 263 311.1,L2a
11,182A/C 183A/C 189 223 278 290 294 309 390,73 146 152 195 263 311.1,L2a
1,182A/C 183A/C 189 223 278 290 294 309 390,73 146 152 263 303.1 311.1,L2a
4,182A/C 183A/C 189 192 223 278 290 294 309 390,73 146 152 195 263 311.1,L2a
1,182A/C 183A/C 189 192 223 278 290 294 309 390,73 146 152 263 303.1 311.1,L2a
1,182A/C 183A/C 189 223 278 290 294 296 309 390,73 146 152 195 263 311.1,L2a
5,223 278 286 294 309 390,73 146 152 195 263 303.1 311.1,L2a
2,223 278 286 294 309 390,73 146 152 195 263 303.2 311.1,L2a
1,223 278 286 294 309 390,73 146 152 195 263 311.1,L2a
1,223 278 286 294 309 390,73 146 152 263 303.2 311.1,L2a
1,223 278 286 294 309 390,73 146 195 263 311.1,L2a
3,223 278 286 294 390,73 146 152 195 263 303.1 311.1,L2a
1,223 278 294 309 390,73 146 152 195 263 303.2 311.1,L2a
1,223 278 294 309 390,73 146 152 195 263 311.1,L2a
1,114C/A 129 213 223 274 278 390,73 146 150 152 182 183 195 198 204 263 303.1 311.1,L2b
1,114C/A 129 213 223 278 354 390,73 146 150 152 182 195 198 204 263 311.1,L2b
1,134 223 264 278 390,73 93 146 150 152 182 195 198 263 311.1 325,L2c
1,129 209 223 292 295 311,73 189 200 263 303.1 311.1,L3*
1,209 218 223 256 292 311,73 150 189 200 263 311.1,L3*
1,93 124 223 278 362,73 263 311.1,L3b
1,124 223 278 293 311 362,73 263 303.1 311.1,L3b
1,124 223 278 311 362,73 152 263 311.1,L3b
1,124 223 278 311 362,73 263 311.1,L3b
2,124 223 319,73 150 152 263 303.1 311.1,L3b
2,223 239 323delT,73 150 185 189 263 303.1 311.1,L3e1*?
1,223 239 323delT 390,73 150 185 189 263 303.1 311.1,L3e1*?
1,223 323delT 327,73 150 152 189 263 303.1 311.1,L3e1*
2,176 223 327,73 150 152 189 200 215 263 311.1,L3e1*
1,187 223 327,73 150 189 200 263 311.1,L3e1*
1,207 223 266 326 327,73 150 183 200 263 303.1 311.1,L3e1*
1,223 327,73 150 189 200 263 311.1,L3e1*
1,185 223 311 327,73 150 185 189 263 311.1,L3e1a
2,185 223 327,73 150 152 189 200 263 311.1,L3e1a
1,185 223 327,73 150 189 200 263 303.1 311.1,L3e1a
1,207 223 311 320,73 150 195 198 263 311.1,L3e2a
2,172 183A/C 189 223 320,73 150 195 263 311.1,L3e2b
2,223 265A/T,73 150 195 263 311.1,L3e3
1,51 223 264,73 150 263 311.1,L3e4